Sample	SDW	RDW	NDW.SDW.ratio	NN	NDW	SDWi.SDWf	RDWi.RDWf	nNDW	NDW.RDW.ratio
1951-9F	NA	NA	NA	NA	0.36	NA	NA	12.3	NA
1991-11F	8	3.41	2.34	278	0.45	0.93	0.91	15.33	5.67
1990-141F	10.47	4.01	2.61	180	0.33	0.78	0.31	8.92	3.14
1866-12F	9.08	3.57	2.55	114	0.34	0.98	0.45	10.54	3.74
1935-8F	7.4	2.11	3.5	213	0.28	NA	NA	15.2	3.77
1990-67F	9.74	4.04	2.41	337	0.42	0.94	0.62	11.71	4.35
1990-134F	10.28	3.56	2.89	215	0.38	1.21	0.4	12.01	3.72
Hernon147	8.52	4.67	1.82	231	0.55	0.83	0.24	13.42	6.49
1910-13F	10.82	3.79	2.86	136	0.27	0.91	0.41	7.74	2.51
1987-117F	10.64	5.71	1.86	295	0.55	0.79	0.7	10.71	5.19
1924-2F	1.89	1.38	1.37	21	0.11	NA	NA	8.66	5.82
1988-17F	9.86	3.24	3.04	345	0.42	0.77	0.53	14.68	4.21
1989-59F	9.57	4.88	1.96	449	0.59	0.94	0.66	13.77	6.17
1991-20F	10.82	3.93	2.76	171	0.37	1.08	0.68	10.31	3.39
1990-135F	13.11	3.6	3.64	162	0.27	0.7	0.44	8.08	2.06
1939-2F	7.49	4.24	1.77	308	0.38	1.43	5.44	9.93	5.11
1963-3F	9.61	3.58	2.68	180	0.31	0.94	0.76	9.56	3.25
1988-9F	6.4	2.35	2.72	236	0.3	0.86	0.53	14.45	4.64
1984-11F	6.83	2.26	3.02	141	0.31	0.6	0.44	15.98	4.56
1984-24F	9.04	2.91	3.1	180	0.53	0.48	0.27	22.39	5.9
1949-13F	10.5	3.11	3.37	204	0.35	0.6	0.44	12.65	3.33
1844-18E	6.37	2.65	2.4	99	0.21	0.7	0.35	8.72	3.34
1985-12F	7.32	3.8	1.92	466	0.62	NA	NA	19.37	8.43
1935-3F	4.37	1.36	3.21	256	0.28	0.32	0.4	25.54	6.33
1935-2F	2.51	0.91	2.76	93	0.12	0.4	0.36	15.19	4.78
1903-7F	12.38	5.44	2.28	202	0.67	0.94	1.17	14.07	5.42
1984-5F	7.05	1.94	3.64	123	0.25	0.48	0.37	15.14	3.61
1991-26F	8.16	4.29	1.9	189	0.34	1.05	0.8	8.62	4.17
1985-3F	7.98	3.19	2.5	78	0.27	1.03	1.36	9.36	3.42
1987-35F	8.4	4.26	1.97	266	0.46	0.94	0.78	12.05	5.46
536-02D	8.23	3.89	2.11	175	0.33	0.83	0.89	9.28	4.02
UG5	10.62	3.39	3.13	517	0.65	0.74	0.7	23.6	6.1
1910-11F	14.08	4.47	3.15	531	0.21	0.89	0.69	5.05	1.52
1988-25F	9.45	2.32	4.08	165	0.19	1.17	0.51	9.12	2.05
1988-5F	10.65	4.74	2.25	205	0.41	0.92	0.79	9.43	3.84
1954-4F	6.56	2.47	2.65	106	0.25	NA	NA	11.01	3.74
1990-2F	14.38	5.72	2.51	277	0.66	0.77	0.75	13.09	4.61
1985-4F	8.29	2.59	3.2	181	0.52	0.52	0.44	25	6.26
1990-114F	12.16	2.86	4.25	248	0.39	0.66	0.48	15.73	3.2
1991-12F	8.73	3.85	2.27	181	0.31	0.87	0.21	8.88	3.6
1987-17F	10.83	4.13	2.62	267	0.36	0.75	1.07	9.57	3.33
1990-30F	8.51	3.06	2.78	209	0.31	1.04	0.41	11.27	3.64
Storm	6.93	2.88	2.41	187	0.27	0.69	0.48	10.36	3.9
1987-6F	6.01	3.21	1.87	383	0.66	0.69	0.51	25.88	10.99
Solitaire	7.16	2.62	2.73	123	0.16	0.77	0.41	6.62	2.28
1987-10F	13.56	4.8	2.82	217	0.51	0.8	0.57	11.79	3.74
1988-4F	13.45	6.32	2.13	215	0.49	0.98	1.04	8.38	3.63
1987-19F	8.96	2.84	3.16	259	0.34	0.53	0.3	13.81	3.84
1990-111F	9.63	2.94	3.27	329	0.49	0.62	0.33	19.94	5.08
1989-29F	10.35	4.17	2.48	250	0.38	0.99	0.82	9.9	3.63
1984-8F	6.51	2.21	2.95	153	0.21	0.45	0.66	10.72	3.28
1989-6F	8.11	3.81	2.13	302	0.51	0.7	0.62	15.52	6.32
Ocepara-4a	9.25	4.03	2.3	189	0.47	1.12	0.7	13.2	5.08
1989-14F	11.27	2.92	3.86	126	0.33	0.69	0.71	12.83	2.95
1991-18F	8.56	4.96	1.72	336	0.52	0.76	0.64	11.61	6.04
923-2E	5.56	2.01	2.77	138	0.35	1.81	1.67	21.47	6.39
1988-24F	8.32	2.91	2.86	234	0.4	0.66	0.46	16.03	4.83
1989-52F	10.94	4.51	2.43	337	0.52	0.73	0.63	13	4.74
Safari	8.78	3.75	2.34	166	0.24	0.91	0.34	6.69	2.68
1951-4F	12.02	3.02	3.98	512	0.62	0.81	0.57	25.69	5.14
1989-63F	15.11	5.47	2.76	276	0.61	1.02	0.78	12.61	4.06
1987-8F	12.01	4.6	2.61	272	0.42	0.84	0.3	10.1	3.51
1988-29F	9.57	3.81	2.51	354	0.65	0.93	0.38	20.57	6.79
Nasoko1a	10.47	5.16	2.03	350	0.64	0.64	0.88	14.22	6.14
1990-120F	10.6	6.17	1.72	306	0.54	6.12	1.14	9.6	5.1
1871-12E	7.62	3.19	2.39	231	0.4	0.82	0.83	14.4	5.26
1957-6F	9.99	3.72	2.69	407	0.76	0.83	0.92	25.62	7.59
1989-21F	10.32	5	2.07	260	0.37	1.13	1.49	7.94	3.56
1989-58F	8.47	4.32	1.96	269	0.41	0.91	0.54	10.61	4.89
1990-5F	7.86	3.35	2.35	146	0.27	1	0.28	8.77	3.44
1703-3F	8.44	3.96	2.13	298	0.6	NA	NA	18.04	7.17
1988-22F	6.61	3.33	1.99	152	0.29	0.81	0.65	9.56	4.39
1933-3F	8.24	4.11	2	222	0.47	1.09	1.42	12.83	5.68
1985-8F	NA	NA	2.3	NA	NA	0.83	NA	11.5	NA
1945-1F	9.42	3.98	2.36	203	0.44	0.95	0.79	12.49	4.7
1987-3F	8.49	2.4	3.54	193	0.28	0.8	0.54	13.3	3.31
1989-13F	7.07	2.92	2.42	208	0.29	0.82	0.84	11.03	4.1
1988-3F	12.42	3.62	3.43	164	0.37	0.68	0.76	11.23	2.94
1950-7F	6.24	2.9	2.15	238	0.31	0.75	0.46	12.08	5.02
1990-116F	8.67	2.77	3.13	225	0.32	0.46	0.4	13.29	3.75
1987-23F	7.29	3.56	2.05	224	0.36	0.86	0.65	11.33	4.97
1984-10F	11.68	3.72	3.14	142	0.55	0.64	0.54	17.38	4.72
1991-15F	9.5	3.86	2.46	297	0.64	1.09	0.5	20	6.78
1989-30F	16.86	5.8	2.91	299	0.56	1.07	1.07	10.67	3.32
1805-8F	4.27	1.71	2.49	136	0.24	NA	NA	16.16	5.58
1985-9F	6.43	2.87	2.24	142	0.36	0.36	0.44	14.34	5.6
1991-23F	6.99	2.73	2.56	155	0.25	0.7	0.33	10.05	3.57
1834-1E	4.93	1.79	2.76	174	0.24	0.79	0.32	15.14	4.77
1989-69F	13.74	4.58	3	618	0.97	0.78	0.85	26.9	7.07
1989-36F	8.89	4.1	2.17	360	0.59	0.92	0.49	16.81	6.64
1989-25F	10.16	4.07	2.5	181	0.33	1.17	0.34	8.95	3.29
1990-1F	6.25	3.26	1.92	247	0.37	0.62	0.22	12.95	5.99
1989-42F	7.54	3.6	2.09	247	0.37	1.2	0.69	11.58	4.96
1990-106F	13.83	4.75	2.91	222	0.47	1.69	1.64	10.95	3.39
1986-3F	13.1	3.57	3.67	203	0.35	0.97	0.76	10.82	2.66
1951-8F	12.9	3.69	3.49	209	0.6	0.95	1.1	19.58	4.69
1990-139F	9.62	2.85	3.38	207	0.37	0.83	0.59	15.16	3.9
1988-15F	6.75	2.72	2.49	196	0.3	0.83	0.25	12.42	4.44
1019-2EN	5.5	3.15	1.75	309	0.55	0.51	NA	21.27	10.05
1949-7F	5.99	2.46	2.43	221	0.34	0.85	2	16.04	5.68
1989-70F	10.09	4.17	2.42	255	0.31	1.54	1.35	8.04	3.07
1950-4F	7.97	2.88	2.76	106	0.33	NA	NA	13.06	4.18
1830-20E	6.88	3.08	2.23	135	0.28	0.49	0.68	10.06	4.09
1975-2F	10.96	3.85	2.84	195	0.36	1.2	0.85	10.39	3.31
MAGOYE2a	7.52	2.42	3.11	107	0.28	0.59	0.37	13.08	3.73
1938-2F	8.08	4.35	1.86	291	0.47	0.72	0.88	12.14	5.83
1991-21F	10.48	4.22	2.49	304	0.51	0.67	0.47	13.8	4.88
1990-15F	9.49	3.5	2.71	142	0.36	1.04	0.63	11.46	3.8
1986-2F	9.24	3.67	2.52	130	0.26	0.96	0.21	7.76	2.86
1989-50F	8.73	3.45	2.53	214	0.33	0.47	0.32	10.53	3.77
1989-27F	9.43	3.2	2.95	266	0.4	0.93	0.52	14.21	4.22
1990-108F	9.73	5.2	1.87	454	0.83	0.72	0.54	18.98	8.52
1989-18F	10.37	3.12	3.32	245	0.37	0.99	0.27	13.38	3.55
1910-8F	18.78	6.51	2.88	405	0.85	1.14	1.68	15.12	4.55
1989-68F	9.93	2.97	3.34	375	0.5	0.85	1.15	20.35	5.07
1949-5F	9.04	2.86	3.16	176	0.38	1.35	0.61	15.47	4.24
1990-3F	12.49	4.53	2.76	307	0.58	1.22	0.84	14.8	4.68
1989-9F	7.02	2.57	2.73	197	0.29	0.79	0.15	12.53	4.08
1990-43F	8.11	3.3	2.46	252	0.34	1.06	0.56	11.54	4.2
1927-5F	6.47	4.47	1.45	280	0.53	0.71	0.88	13.42	8.18
1987-9F	10.18	3.37	3.02	244	0.44	1.07	0.25	14.83	4.27
1988-2F	7.95	4.13	1.93	163	0.33	0.9	0.61	8.55	4.09
1987-14F	5.22	2.89	1.81	230	0.35	0.71	0.54	13.67	6.65
1989-19F	10.32	4.33	2.38	261	0.41	0.99	0.71	10.41	3.95
1448-2Ea	9.19	3.51	2.62	227	0.43	0.65	0.93	14.04	4.7
1987-38F	9.31	4.83	1.93	151	0.47	1.02	0.78	10.66	5
1990-130F	10.48	3.78	2.77	473	0.69	0.86	0.59	22.12	6.54
1907-1F	4.81	2.93	1.64	513	0.53	0.43	0.6	22.18	11.06
1987-5F	8.01	4.42	1.81	377	0.52	0.49	0.56	13.18	6.44
1990-131F	10.5	3.61	2.91	241	0.39	0.59	0.56	11.98	3.68
Kaleya	11.28	6.62	1.7	472	0.71	4.48	NA	12.06	6.31
1935-4F	6.3	1.76	3.58	112	0.18	0.87	0.63	11.39	2.86
1990-136F	9.7	4.77	2.03	327	0.46	1.14	0.78	10.67	4.74
1989-72F	9.5	3.26	2.92	459	0.67	0.47	0.31	25.84	7.04
1987-62F	9.74	4.43	2.2	606	0.78	0.77	0.88	21.51	8.06
1989-20F	10.63	3.68	2.89	210	0.33	0.91	0.65	9.92	3.12
1927-1F	7.24	2.67	2.71	265	0.38	0.67	0.37	16.47	5.22
1983-37F	6.41	3.08	2.08	447	0.46	0.73	0.46	17.59	7.18
1990-129F	17.28	4.07	4.24	214	0.37	0.68	0.72	10.08	2.16
1939-1F	6.18	3.12	1.98	166	0.43	NA	NA	16.15	7.02
1989-10F	10.3	3.59	2.87	124	0.2	1.17	0.39	5.75	1.89
1905-5F	8.74	3.73	2.34	208	0.43	0.99	0.36	13.05	4.92
1988-16F	11.31	4.08	2.77	186	0.38	0.71	0.64	10.19	3.34
1483-1E	6.35	2.35	2.7	240	0.32	0.6	0.57	15.61	5
1972-1F	10.38	3.74	2.78	265	0.32	0.65	0.56	9.32	3.07
1987-124F	13.16	4.09	3.22	435	0.47	0.86	0.83	12.85	3.54
1990-107F	15.39	4.57	3.37	245	0.35	2.24	4.01	8.25	2.26
1989-12F	7.19	4.06	1.77	204	0.48	1.13	0.51	13.49	6.72
1894-3F	10.4	6.44	1.62	220	0.42	0.47	0.37	7.05	4.08
1987-18F	12.23	4.2	2.91	387	0.52	0.81	0.63	14.1	4.24
1873-16E	5.97	2.35	2.54	158	0.26	NA	NA	12.19	4.27
1989-24F	8.58	3.88	2.21	289	0.44	0.93	0.6	12.82	5.13
1938-1F	3.55	2.06	1.73	162	0.22	NA	NA	11.99	6.21
1989-4F	7.05	3.66	1.93	190	0.31	0.74	0.46	9.42	4.47
1949-8F	10.47	3.28	3.19	305	0.4	0.77	0.58	13.9	3.82
1935-7F	7.01	3	2.34	134	0.33	0.96	0.78	12.55	4.77
1989-54F	10.68	3.19	3.35	381	0.48	0.86	0.62	17.85	4.52
1880-3E	9.39	2.54	3.69	277	0.36	0.63	1.02	16.28	3.79
SOY104	8.34	4.37	1.91	171	0.36	1.01	0.6	8.84	4.26
Soprano	10.28	4.06	2.53	256	0.54	0.95	0.53	15.28	5.23
1990-56F	6.04	3.67	1.65	190	0.28	0.86	0.52	8.27	4.64
1910-16F	6.43	1.68	3.83	188	0.31	NA	NA	22.63	4.82
1989-46F	13.01	3.87	3.36	293	0.5	0.68	0.44	14.87	3.85
1989-60F	12.85	4.36	2.95	261	0.44	1.02	0.54	11.11	3.39
1987-11F	7.45	3.39	2.2	226	0.51	0.73	0.7	17.76	6.87
1984-1F	8.51	3.65	2.33	206	0.35	1.21	1.53	10.45	4.07
1990-140F	8.92	3.53	2.53	284	0.39	1.04	0.31	12.42	4.37
1984-28F	5.96	2.01	2.96	173	0.38	0.49	0.26	23.1	6.34
1989-15F	8.4	3.43	2.45	204	0.43	0.93	0.58	14.46	5.16
1990-4F	8.12	3.88	2.09	199	0.49	NA	NA	14.45	6.03
1987-129F	9.96	3.2	3.11	261	0.37	0.66	0.6	13.08	3.72
1990-110F	16.24	6.15	2.64	382	0.4	1.01	0.57	6.95	2.46
1989-33F	7.39	2.51	2.94	299	0.33	0.51	0.78	15.03	4.45
1989-37F	7.84	3.69	2.12	293	0.49	0.94	0.28	15.12	6.19
1988-23F	10.87	4.18	2.6	305	0.57	0.66	0.71	15.84	5.26
1990-28F	8.17	3.4	2.41	88	0.21	1.06	0.25	6.62	2.58
1987-34F	10.16	2.63	3.86	197	0.47	0.67	0.37	21.91	4.65
1904-2F	8.86	2.93	3.02	183	0.49	1.71	1.66	19.9	5.49
1903-3F	10.65	4.93	2.16	396	0.67	1.26	1.77	15.69	6.28
1989-56F	8.33	4.34	1.92	265	0.42	0.99	0.42	10.82	5.09
1987-20F	11.53	4.13	2.79	309	0.47	0.88	0.81	12.78	4.06
1951-3F	9.69	3.22	3.01	174	0.41	0.63	0.71	14.54	4.22
1991-22F	14.77	4.66	3.17	326	0.56	0.94	0.68	13.78	3.82
1990-105F	8.52	4.86	1.75	231	0.48	1.3	0.59	11.06	5.68
1989-53F	12.14	3.54	3.43	257	0.43	0.95	0.38	13.79	3.53
1977-4F	5.77	1.69	3.41	206	0.28	0.65	0.44	19.86	4.85
Santa	7	3.2	2.19	256	0.35	0.88	0.49	12.13	4.94
1932-3F	3.35	1.41	2.37	71	0.23	0.41	0.15	19.72	6.96
1965-7F	5.67	3.33	1.7	130	0.29	0.68	0.75	9.54	5.11
1988-26F	9.61	4.53	2.12	407	0.61	0.66	0.93	15.56	6.35
1984-19F	9.9	4.26	2.32	154	0.45	1.28	1.38	11.79	4.54
1805-31F	5.8	2.14	2.71	169	0.21	0.75	0.38	10.93	3.64
1990-8F	10.65	3.84	2.77	186	0.37	1.17	0.6	10.77	3.51
1990-29F	12.39	5.25	2.36	246	0.56	0.82	0.87	11.96	4.52
1989-2F	12.26	4.19	2.93	188	0.43	0.83	0.79	11.37	3.49
1990-142F	8.41	3.68	2.29	575	0.51	0.77	0.54	16.01	6.04
1987-15F	6.72	4.07	1.65	406	0.63	0.63	0.57	18.26	9.36
1990-123F	11.11	3.96	2.81	178	0.35	0.68	0.62	9.62	3.13
1987-64F	5.72	2.76	2.07	324	0.36	0.75	0.25	15	6.3
1990-137F	8.78	3.65	2.41	255	0.55	0.59	0.73	17.7	6.25
1991-13F	12.19	8.68	1.4	214	0.37	0.8	1.69	4.49	3.06
1908-8F	7.12	3.42	2.08	171	0.32	0.72	0.4	10.34	4.5
1987-28F	7.27	2.98	2.44	251	0.27	0.91	0.96	9.98	3.72
1990-112F	12.68	2.94	4.31	204	0.39	0.87	0.7	15.36	3.09
1985-7F	8.93	2.82	3.16	196	0.36	NA	NA	14.48	4
1990-109F	11.84	3.62	3.27	395	0.68	1.17	0.29	23.13	5.74
1910-14F	6.31	2.19	2.88	206	0.38	0.65	0.53	20.99	6.02
1990-45F	10.7	3.41	3.13	261	0.43	0.8	0.71	14.52	4.05
1989-51F	9.82	4.43	2.22	315	0.41	0.93	0.55	10.2	4.18
1988-11F	7.85	2.49	3.15	238	0.31	0.64	0.35	14.26	3.96
Lukanga	10.67	5.71	1.87	306	0.64	0.98	1.23	12.53	5.96
1990-38F	13.68	4.76	2.87	327	0.65	0.77	0.45	15.9	4.78
1911-8F	11.9	5.06	2.35	124	0.36	0.88	0.76	7.76	3.06
1985-10F	12.51	4.43	2.83	186	0.6	0.76	1.19	15.59	4.77
1988-27F	8.82	4.12	2.14	252	0.42	0.85	0.84	11.49	4.81
1988-19F	6.19	2.44	2.54	149	0.25	1.34	1.76	11.58	4.09
1965-5F	4.97	2.41	2.06	170	0.33	NA	NA	15.87	6.64
1984-23F	6.71	2.38	2.82	141	0.3	0.54	0.38	14.3	4.43
1978-3F	5.93	2.31	2.57	279	0.44	0.67	1.74	23.57	7.44
1990-127F	7.82	3.66	2.14	116	0.26	0.88	0.54	7.51	3.27
1989-23F	12.37	3.65	3.39	228	0.45	0.84	0.9	14.22	3.67
1485-1D	6.59	2.32	2.85	230	0.31	NA	NA	15.46	4.7
1984-22F	6.67	2.75	2.42	112	0.41	0.47	0.85	17.64	6.19
1970-4F	6.86	2.99	2.29	422	0.43	0.89	0.67	16.73	6.24
1933-2F	7.37	2.89	2.55	167	0.4	1.39	1.35	16.25	5.48
1957-5F	10.23	3.27	3.13	264	0.46	0.56	0.27	16.41	4.51
1932-1F	8.64	2.79	3.1	333	0.41	0.81	1.23	17.21	4.74
1990-12F	10.73	3.88	2.77	228	0.4	0.66	0.93	11.42	3.7
Makwacha	7.08	2.5	2.84	135	0.18	0.69	0.48	7.78	2.54
1990-121F	3.7	2.4	1.54	131	0.24	0.46	0.21	11.02	6.43
1988-14F	9.58	3.56	2.69	173	0.32	1.34	0.77	9.88	3.34
1985-11F	15.28	3.98	3.84	187	0.46	NA	NA	13.03	3.01
1951-1F	11.59	4.94	2.35	258	0.54	0.96	0.85	12.35	4.69
1989-1F	10.57	4.53	2.33	182	0.52	1.23	0.35	12.97	4.92
1895-33F	8.32	4.07	2.04	280	0.57	0.8	0.62	16.13	6.79
1910-6F	5.04	2.24	2.25	267	0.33	0.79	0.84	17.32	6.57
1989-17F	7.95	3.48	2.29	189	0.38	0.92	0.97	12.34	4.81
1925-1F	10.23	3.8	2.69	255	0.49	1.07	0.46	14.73	4.76
1987-40F	10.53	6.21	1.69	354	0.56	0.89	1.35	9.94	5.33
1984-17F	5.55	2.3	2.41	183	0.38	0.44	0.39	19.49	6.78
1895-50F	8.16	2.8	2.92	224	0.41	0.76	0.73	17.06	4.99
1988-1F	11.67	5.67	2.06	321	0.6	0.78	0.24	11.92	5.18
1988-28F	8.73	3.31	2.64	211	0.3	0.84	0.75	10.02	3.45
1844-4E	8.24	3.69	2.23	165	0.4	0.95	0.55	12.31	4.91
1910-5F	10.55	3.56	2.97	186	0.5	0.78	0.73	16.29	4.72
1937-1F	11.88	3.93	3.02	149	0.4	0.65	0.44	11.3	3.36
1985-2F	10.23	2.91	3.51	259	0.39	1.1	0.83	15.25	3.77
1989-26F	13.23	4.5	2.94	350	0.6	0.91	0.74	15.52	4.57
1876-4E	5.51	2.76	2	285	0.33	0.52	0.64	13.38	5.91
1990-68F	6.84	2.85	2.4	305	0.35	0.61	0.35	14.14	5.16
1989-28F	8.68	3.55	2.44	298	0.35	0.91	0.73	11.03	4.06
1955-4F	6.82	3	2.27	201	0.35	0.73	0.33	13.31	5.18
1976-1F	10.28	3.85	2.67	299	0.4	1.02	1.09	11.61	3.89
1880-3F	7.41	3.41	2.17	176	0.32	0.86	0.86	10.2	4.27
1989-11F	10.67	3.94	2.71	442	0.52	1.05	0.47	15.35	4.92
1989-55F	10.25	4.51	2.27	218	0.47	1.15	0.6	11.63	4.59
1670-5F	7.97	2.73	2.92	124	0.32	0.91	0.41	13.31	4.02
1989-129F	7.49	2.36	3.17	207	0.37	0.47	0.38	18.28	4.88
1910-2F	8.32	3.46	2.4	208	0.42	NA	NA	13.84	5.06
1953-1F	9.27	4.74	1.95	213	0.35	NA	NA	7.96	3.77
1740-2Fa	4.54	2.74	1.66	204	0.5	0.58	0.4	22.32	11.03
SantaRosa	7.03	3.16	2.22	177	0.38	0.69	0.48	13.67	5.41
1961-1F	9.87	3.36	2.94	276	0.26	0.92	0.7	8.21	2.58
1988-12F	10.98	2.69	4.08	120	0.24	0.85	0.48	9.61	2.15
1926-4F	7.33	2.8	2.62	191	0.24	0.79	0.31	9.47	3.3
MRI-Dina	NA	NA	2.3	NA	NA	0.83	NA	11.6	NA
1989-45F	7.28	2.74	2.66	190	0.25	1.02	0.53	10.04	3.44
1987-32F	11.35	4.17	2.72	307	0.62	1.04	0.9	17.34	5.43
1987-31F	13.44	3.89	3.45	188	0.43	1.11	1.02	12.35	3.18
1905-2F	5.38	2.67	2.01	195	0.45	NA	NA	19.98	8.28
1990-13F	10.76	3.68	2.92	390	0.69	0.76	0.91	23.02	6.4
1904-5F	11.35	5	2.27	136	0.37	0.84	1.06	7.97	3.26
1988-6F	9.2	3.83	2.4	275	0.46	1.25	0.36	13.78	5.04
1987-65F	7.47	3.33	2.24	261	0.38	1.3	1.34	12.7	5.02
1440-1E	10.03	3.26	3.08	284	0.38	0.56	0.56	13.24	3.8
1991-24F	13.27	5.41	2.45	207	0.39	0.9	1.07	7.8	2.95
1987-37F	10.13	4.66	2.17	223	0.47	0.75	0.67	11.25	4.66
1019-2EB	11.83	3.98	2.97	378	0.78	0.84	0.58	24.32	6.58
1903-8F	14.2	4.66	3.05	416	0.57	1.01	0.88	13.9	4.01
1956-1F	3.47	2.2	1.58	121	0.26	NA	NA	13.4	7.5
1949-10F	4.7	1.72	2.74	127	0.24	NA	NA	16.61	5.2
